 1 1 0 METHYL CATION                                                            
 16O    0.0000000   0.0000000   0.0000000
 12C    0.0000000   0.0000000   1.5648200
  1H    1.0603810   0.0000000   1.8385000
  1H   -0.5301910   0.9183170   1.8385000
  1H   -0.5301910  -0.9183170   1.8385000
  1H    0.0000000  -0.7867260  -0.5582910
  1H    0.0000000   0.7867260  -0.5582910
 16O    0.0000000   0.0000000   6.0000000
  1H    0.0000000   0.7867260   6.5582910
  1H    0.0000000  -0.7867260   6.5582910
 16O    3.0000000   0.0000000   3.0000000
  1H    3.5910170   0.7640530   3.0000000
  1H    3.5910170  -0.7640530   3.0000000
 16O   -1.5000000   2.5980760   3.0000000
  1H   -2.4571980   2.7278860   3.0000000
  1H   -1.1338190   3.4919390   3.0000000
 16O   -1.5000000  -2.5980760   3.0000000
  1H   -1.1338190  -3.4919390   3.0000000
  1H   -2.4571980  -2.7278860   3.0000000
*   
   -0.1273482961E-01   -0.2329721027E-09    0.8310951487E+00
    0.5890457346E-02   -0.4657681569E-09    0.6020834965E+00
   -0.2426954537E-01    0.5811655540E-09   -0.7592348721E-02
    0.6099697459E+00   -0.2016519885E-09   -0.8976340342E-01
   -0.2897198671E-09   -0.1349769152E-09    0.6448486069E+00
   -0.4403254430E-02    0.4651800545E-09   -0.7791329621E-01
    0.4837460684E-02   -0.3160218932E-09    0.2385321597E+00
    0.8316521371E-02   -0.1634262528E-09    0.9489007514E-02
   -0.3268063426E+00    0.2676873076E-09   -0.6884591982E-01
    0.3321585279E+00    0.8631091976E-11    0.9103685916E-04
    0.1932384751E-09   -0.1827268592E-09   -0.5618100835E-01
    0.5968394395E-10    0.4039352963E-10    0.5016748009E-01
   -0.2290897887E-01   -0.2091344700E-09   -0.2897748169E-01
   -0.5140287626E-01    0.4074015793E-09   -0.5571472318E-01
    0.6400113628E-01   -0.5174572259E-10    0.7420826373E-01
    0.1435706536E-02   -0.5725381353E-02   -0.3147014090E-02
   -0.1217797526E+00    0.1209558747E+00    0.3357004602E-01
   -0.7042417186E-02    0.2323314915E-01    0.7478835120E-02
    0.1194490477E+00   -0.3013965704E-02    0.5761270974E-02
    0.7807472176E-02    0.1188416667E+00   -0.2580154168E+00
   -0.6034560022E-01   -0.2737583793E-02    0.4736237139E-02
    0.1374303517E-02   -0.1239806478E+00    0.2602361599E+00
    0.1057388814E-01   -0.3036625037E-01   -0.2459993642E-01
    0.2657271966E-01   -0.4112218770E-01   -0.5719062178E-01
   -0.2475394624E-02    0.7296593490E-02    0.7454186990E-02
   -0.3177805579E-01    0.5614664308E-01    0.7269193999E-01
    0.1435706426E-02    0.5725381109E-02   -0.3147014507E-02
   -0.1217797522E+00   -0.1209558747E+00    0.3357004554E-01
   -0.7042417398E-02   -0.2323314913E-01    0.7478835362E-02
    0.1027835632E-01    0.1296992485E-01   -0.5650953039E-02
    0.1194490477E+00    0.3013965852E-02    0.5761271131E-02
   -0.7807472005E-02   -0.1188416667E+00   -0.2580154170E+00
    0.6034560003E-01    0.2737583849E-02    0.4736237108E-02
   -0.1374303577E-02   -0.1296992481E-01   -0.1286153745E-01
    0.5953922930E-02    0.1239806479E+00    0.2602361600E+00
    0.1057388799E-01    0.3036624992E-01   -0.2459993664E-01
    0.2657271989E-01    0.4112218822E-01   -0.5719062217E-01
   -0.2475394712E-02   -0.7296593478E-02    0.7454187116E-02
   -0.5650953133E-02   -0.5953922905E-02    0.6684425357E-02
   -0.3177805574E-01   -0.5614664305E-01    0.7269193994E-01
    0.1316452364E-01   -0.1889047371E-02   -0.5619463041E-03
   -0.7564150586E-02    0.3311851690E-02    0.5245571857E-03
    0.4801525242E-03   -0.9241722357E-03   -0.2599909726E-02
   -0.5102469566E-05   -0.8287584227E-03    0.2211083310E-02
    0.6161935320E-03   -0.2392540414E-03    0.7774870891E-03
   -0.6741196487E-02   -0.6758549515E-03   -0.3757842953E+00
   -0.1925043569E+00    0.5320972813E-03    0.8594518902E-02
   -0.9510711063E-02   -0.5364912235E-03    0.7883021480E-04
    0.1409393262E-02    0.5726801741E-04   -0.1093355595E-03
    0.2411979161E-02    0.9689834364E-04    0.1341768998E-02
    0.8353378643E-03    0.3381019034E-03    0.3868364981E+00
    0.1173057902E-03   -0.2235336331E+00   -0.2220551042E+00
    0.4810643551E-03   -0.1680721038E-01    0.3610193461E-02
    0.1087636405E-03   -0.6644083726E-03   -0.1436744739E-02
   -0.1368479157E-02    0.1597333426E-02   -0.4578602463E-02
    0.1001307442E-02    0.7172152088E-03    0.1048456523E-02
   -0.2581174399E-03    0.2175709075E+00    0.2041350531E+00
    0.1316452365E-01    0.1889046841E-02   -0.5619464912E-03
   -0.7564150244E-02   -0.3311851114E-02    0.5245570843E-03
    0.4801523729E-03    0.9241722919E-03   -0.2599909802E-02
    0.6161934423E-03    0.2392540285E-03    0.7774870895E-03
   -0.5102483684E-05    0.8287584030E-03    0.2211083143E-02
    0.1575641762E-03    0.7171600447E-04   -0.2099323968E-04
   -0.6741196759E-02    0.6758549313E-03   -0.3757842956E+00
    0.1925043568E+00   -0.5320973832E-03    0.8594518734E-02
    0.9510710775E-02    0.5364911531E-03    0.7883029161E-04
   -0.1409393108E-02   -0.9689828998E-04    0.1341769025E-02
   -0.8353378356E-03   -0.5726796040E-04   -0.1093355080E-03
   -0.2411979153E-02   -0.7171595984E-04   -0.2104444653E-01
    0.2079079920E-01   -0.3381018616E-03    0.3868364982E+00
    0.1173058251E-03    0.2235336328E+00   -0.2220551039E+00
    0.4810639517E-03    0.1680721103E-01    0.3610193749E-02
    0.1087638970E-03    0.6644082893E-03   -0.1436744743E-02
    0.1001307377E-02   -0.7172152183E-03    0.1048456573E-02
   -0.1368479070E-02   -0.1597333436E-02   -0.4578602480E-02
   -0.2099307406E-04   -0.2079079922E-01    0.1887998275E-01
   -0.2581174760E-03   -0.2175709075E+00    0.2041350532E+00
    0.1858700716E-03    0.2931404828E-08    0.7335429688E-04
   -0.1017425145E-03   -0.2200079529E-08   -0.1106589931E-03
   -0.1661321555E-03   -0.3941539554E-10   -0.1950746853E-03
   -0.1486899732E-03    0.2930273569E-04    0.1321645064E-03
   -0.1486902336E-03   -0.2930275101E-04    0.1321647214E-03
    0.1044073473E-03   -0.1066037283E-04   -0.2423333440E-05
    0.1044082360E-03    0.1065961905E-04   -0.2423465171E-05
   -0.7146970069E-02    0.2085085586E-09    0.2633082270E-03
    0.3514232900E-09   -0.4106837164E-09   -0.1416621081E-03
    0.4970652233E-09    0.1583474078E-09   -0.1253179268E-03
   -0.1929808986E-09    0.6940832458E-05   -0.1818310980E-03
   -0.2257487384E-03   -0.6940795365E-05   -0.1818310557E-03
    0.2257486276E-03   -0.2392734031E-04    0.8462208932E-04
    0.1653712493E-03    0.2392736250E-04    0.8462212982E-04
   -0.1653712686E-03    0.1267407930E-09    0.7135718309E+00
   -0.7655792923E-05   -0.2413195301E-08   -0.4801658553E-03
    0.2266205055E-04    0.1996502504E-08    0.7111409300E-03
   -0.5519457851E-04   -0.1690372609E-09    0.3130767457E-04
    0.2693995285E-04   -0.4272039975E-04    0.7614764560E-04
    0.2694022735E-04    0.4272006020E-04    0.7614746042E-04
   -0.1768730358E-05    0.9749864825E-04    0.5535065873E-04
   -0.1769016791E-05   -0.9749756228E-04    0.5535049628E-04
    0.4025062311E-05   -0.1450712972E-09    0.4192633909E+00
   -0.2045964674E-03    0.2068491134E-04    0.3639781465E-04
    0.3995439720E-04   -0.2190506729E-04   -0.8141984505E-04
    0.8627514362E-04    0.5301545589E-04    0.6894830384E-04
    0.8688100175E-05   -0.7660813737E-04   -0.3488280080E-04
   -0.1923369908E-04    0.5803679844E-05    0.1822654775E-04
    0.4903870261E-04   -0.2436927952E-05   -0.3030417310E-05
    0.9354532746E-04   -0.1115732702E-04   -0.8052322466E-05
    0.3379166461E-02    0.2316040712E-04   -0.4751433663E-05
    0.2488064589E-03    0.5366678775E-05   -0.2052176423E-03
    0.3953946022E-04   -0.8930853095E-05    0.4994229752E-04
   -0.6796671649E-04   -0.1263632118E-04    0.8852841591E-06
   -0.1496295659E-04   -0.3209237767E-04    0.7044353325E-04
    0.5973899772E-04    0.2644657026E-04   -0.4769506965E-05
   -0.5049711230E-04    0.4161581261E-05    0.6151680788E-04
    0.1829906402E-03   -0.1142336138E-04    0.8450657788E-04
   -0.1714209580E-03   -0.8941063045E-05   -0.3568904307E+00
   -0.1973222586E+00    0.8471140127E-04    0.3792727120E+00
   -0.5666174596E-05    0.3462742632E-04    0.5707662130E-04
   -0.3135929409E-06   -0.9642509476E-04   -0.3075369724E-04
   -0.6773431941E-05   -0.6003059615E-04   -0.3918153933E-06
    0.1675333230E-04   -0.1164115149E-03   -0.1295782308E-03
    0.2343407267E-05   -0.3953406845E-04    0.9730068629E-04
   -0.7108430837E-05   -0.1346562591E-03   -0.2096585714E-04
    0.1036620987E-04   -0.1145259550E-03   -0.2196567260E-04
   -0.7453078296E-04   -0.2555187701E+00   -0.2096846724E+00
   -0.2476459643E-04    0.2265915094E+00    0.1974507187E+00
   -0.2045964843E-03   -0.2068450743E-04    0.3639786451E-04
    0.3995435183E-04    0.2190445259E-04   -0.8141981382E-04
    0.8627513824E-04   -0.5301537168E-04    0.6894834630E-04
   -0.1923363473E-04   -0.5803616075E-05    0.1822645093E-04
    0.8688073328E-05    0.7660820797E-04   -0.3488267154E-04
    0.9354523263E-04    0.1115727971E-04   -0.8052195208E-05
    0.4903885698E-04    0.2436883517E-05   -0.3030508887E-05
    0.3379166272E-02   -0.2316059381E-04   -0.4751420997E-05
   -0.3346629841E-02   -0.3274216758E-04    0.2434837500E-04
    0.2488064294E-03   -0.5366857595E-05   -0.2052176537E-03
   -0.3953975094E-04    0.8931175691E-05    0.4994228637E-04
    0.6796634800E-04    0.1263613579E-04    0.8852965633E-06
    0.1496311505E-04   -0.2644656173E-04   -0.4769519195E-05
    0.5049711238E-04    0.3209238578E-04    0.7044354677E-04
   -0.5973899813E-04    0.1142332331E-04    0.8450659000E-04
    0.1714209367E-03   -0.4161618958E-05    0.6151679808E-04
   -0.1829906611E-03    0.8941178554E-05   -0.3568904307E+00
    0.1973222585E+00    0.3274226566E-04   -0.2217344951E-01
    0.2925499815E-01   -0.8471130351E-04    0.3792727120E+00
   -0.5666100457E-05   -0.3462772356E-04    0.5707679976E-04
   -0.3138229093E-06    0.9642539530E-04   -0.3075355251E-04
   -0.6773349742E-05    0.6003054782E-04   -0.3918693697E-06
    0.2343348804E-05    0.3953408429E-04    0.9730075488E-04
    0.1675342527E-04    0.1164115309E-03   -0.1295782383E-03
    0.1036637317E-04    0.1145259871E-03   -0.2196566050E-04
   -0.7108468889E-05    0.1346562741E-03   -0.2096578372E-04
   -0.7453114264E-04    0.2555187701E+00   -0.2096846723E+00
    0.2434829892E-04   -0.2925499817E-01    0.1206030156E-01
   -0.2476463723E-04   -0.2265915094E+00    0.1974507188E+00
   -0.2123000682E-03   -0.2420091840E-08   -0.1832024629E-02
   -0.9823307174E-03    0.2099167977E-08    0.9523254670E-03
   -0.9470625543E-03   -0.1141403552E-09   -0.4764263663E-03
   -0.2545040594E-03   -0.2880535146E-03   -0.3730541352E-03
   -0.2545038863E-03    0.2880530398E-03   -0.3730543815E-03
    0.5326573092E-04    0.4003421002E-03    0.1364590548E-03
    0.5326492304E-04   -0.4003412080E-03    0.1364594585E-03
   -0.1452514589E-03    0.1910299532E-09    0.2546290017E-03
   -0.1956068130E-03    0.2890053178E-05   -0.4609401364E-04
   -0.1956066887E-03   -0.2890347062E-05   -0.4609369916E-04
    0.4537668041E+00    0.3679488504E-09    0.3958154512E-03
   -0.2692808768E-09    0.2143662217E-09    0.1559710569E-02
    0.5791038697E-10    0.7256470405E-10   -0.3022415802E-02
   -0.3534948226E-09   -0.5763178294E-03   -0.1881276182E-03
   -0.2639062792E-03    0.5763175417E-03   -0.1881277556E-03
    0.2639063295E-03    0.2991667491E-03   -0.1698433790E-03
    0.6669395976E-04   -0.2991669665E-03   -0.1698434256E-03
   -0.6669385041E-04   -0.1894788823E-09    0.5706772734E-03
   -0.2337399880E-09   -0.1087064977E-03   -0.2490813356E-03
    0.2055028913E-03    0.1087064862E-03   -0.2490813303E-03
   -0.2055027538E-03    0.1376701055E-09    0.6702104804E+00
   -0.3847604378E-03    0.5290349333E-08   -0.1570800503E-03
    0.7412945877E-04   -0.4507871522E-08    0.4817770108E-03
   -0.2114656305E-03    0.7041349263E-10   -0.1400048203E-02
   -0.2060033825E-03   -0.3228334915E-03   -0.4739006986E-03
   -0.2060040383E-03    0.3228335742E-03   -0.4738995960E-03
    0.3176182029E-03    0.2176943221E-03    0.1841031674E-03
    0.3176201409E-03   -0.2176956097E-03    0.1841023469E-03
    0.1147560270E-02   -0.3526327136E-09   -0.1152534648E-03
   -0.3914005002E-03    0.8823806279E-04    0.7372752492E-04
   -0.3914008822E-03   -0.8823737983E-04    0.7372667311E-04
    0.4955760325E-02    0.3655588724E-09    0.5479701118E-02
   -0.6907648190E-04    0.1090239959E-03   -0.1576051293E-03
   -0.1145172212E-03    0.2015787743E-03   -0.2204999028E-03
    0.4550214130E-04   -0.7611503715E-03    0.5156092916E-03
   -0.2472331334E-03   -0.7039816492E-04   -0.6050380212E-04
    0.5810736787E-04   -0.3724827575E-04    0.1114991000E-03
   -0.1036445285E-03   -0.2755735102E-04   -0.2324316092E-04
   -0.1092622429E-03   -0.7579635660E-04   -0.1144909404E-03
    0.1384117387E-03    0.1779004224E-03   -0.6595868765E-04
   -0.3156688074E-04   -0.4645652899E-04    0.1082577959E-03
    0.1073968365E-03   -0.3223385043E-04   -0.3043004680E-04
   -0.2252192491E+00   -0.2570180682E+00   -0.2455963337E-02
    0.2131345724E+00    0.1567464278E-03   -0.1548689292E-03
    0.2181672703E-03    0.3707405815E-03   -0.6077604679E-04
   -0.5775586997E-04   -0.8996044482E-03    0.3672377488E-03
   -0.3130416015E-03    0.1508850727E-03    0.8726538916E-04
    0.7875545289E-04   -0.6157360244E-05   -0.4531700980E-04
   -0.1975414978E-04    0.1326790094E-03   -0.1668755983E-04
   -0.2832532111E-04   -0.1030445799E-03    0.1295496513E-03
    0.1714080728E-04    0.2187243023E-04   -0.1372142221E-03
   -0.1878552967E-04    0.4924829659E-04    0.1029659486E-03
   -0.7181005454E-04   -0.2139184159E-03    0.5306947825E-04
    0.5082321020E-04   -0.1985843483E+00   -0.3344107701E+00
   -0.1699609521E-03    0.2281832700E+00    0.3637407494E+00
    0.2493154201E-03    0.6827479154E-04   -0.3119818820E-03
   -0.5231292573E-03    0.3066595985E-03    0.2343100963E-03
    0.1935049172E-03   -0.6289809310E-03    0.2451624461E-03
   -0.1303982372E-03    0.4192361148E-04   -0.5578541054E-05
    0.7655022967E-04   -0.6466390102E-04    0.6864951338E-04
   -0.1748584000E-03   -0.6713017014E-04   -0.5860623680E-04
   -0.3261421919E-03   -0.1002633167E-03   -0.2005853835E-04
   -0.2169846154E-03   -0.1568422488E-03   -0.9457201450E-05
    0.1391465102E-03    0.6157479385E-05   -0.9670990871E-04
   -0.2622981502E-04    0.5853794116E-04    0.4847466990E-04
   -0.1569438762E-02    0.4308573538E-03   -0.2106368161E-02
    0.1839620367E-02    0.3029345567E-03    0.1432239372E-02
   -0.6907652320E-04   -0.1090241109E-03   -0.1576049674E-03
   -0.1145172458E-03   -0.2015786395E-03   -0.2204997969E-03
    0.4550215057E-04    0.7611504297E-03    0.5156093107E-03
    0.5810736128E-04    0.3724829644E-04    0.1114990922E-03
   -0.2472331417E-03    0.7039819313E-04   -0.6050378355E-04
   -0.1092622284E-03    0.7579635187E-04   -0.1144909130E-03
   -0.1036445339E-03    0.2755735511E-04   -0.2324317551E-04
    0.1384117067E-03   -0.1779005132E-03   -0.6595886967E-04
    0.1073967780E-03    0.3223388227E-04   -0.3043004280E-04
   -0.3156691950E-04    0.4645656057E-04    0.1082578071E-03
   -0.2252192487E+00    0.2570180680E+00   -0.2455963546E-02
    0.1240448455E-01   -0.2932160152E-01    0.3946488656E-03
    0.2131345724E+00   -0.1567465292E-03   -0.1548689201E-03
   -0.2181669362E-03   -0.3707407300E-03   -0.6077614041E-04
    0.5775601412E-04    0.8996043576E-03    0.3672377763E-03
    0.3130417011E-03    0.6157428342E-05   -0.4531704800E-04
    0.1975409301E-04   -0.1508850137E-03    0.8726540996E-04
   -0.7875551256E-04    0.1030446013E-03    0.1295495994E-03
   -0.1714090206E-04   -0.1326789809E-03   -0.1668752474E-04
    0.2832522884E-04   -0.2187218414E-04   -0.1372141877E-03
    0.1878573732E-04    0.2139184237E-03    0.5306946187E-04
   -0.5082328067E-04   -0.4924829676E-04    0.1029659312E-03
    0.7180998281E-04    0.1985843482E+00   -0.3344107700E+00
    0.1699609767E-03    0.2932160155E-01   -0.2958599522E-01
   -0.2165808599E-03   -0.2281832700E+00    0.3637407493E+00
    0.2493153266E-03   -0.6827579196E-04   -0.3119818836E-03
   -0.5231292387E-03   -0.3066588151E-03    0.2343102115E-03
    0.1935048906E-03    0.6289809423E-03    0.2451624889E-03
    0.7655007415E-04    0.6466392420E-04    0.6864963264E-04
   -0.1303981446E-03   -0.4192358830E-04   -0.5578696943E-05
   -0.3261419840E-03    0.1002634597E-03   -0.2005867136E-04
   -0.1748586553E-03    0.6713029561E-04   -0.5860613254E-04
   -0.2169845177E-03    0.1568423432E-03   -0.9457265457E-05
   -0.2622989375E-04   -0.5853800645E-04    0.4847456074E-04
    0.1391465241E-03   -0.6157545094E-05   -0.9670983671E-04
   -0.1569438363E-02   -0.4308576367E-03   -0.2106367980E-02
    0.3946487950E-03    0.2165808868E-03    0.6666479076E-03
    0.1839620383E-02   -0.3029345313E-03    0.1432239332E-02
    0.2605809107E-03    0.5528132512E-03    0.7440342958E-03
    0.7572204342E-03    0.9617560568E-03   -0.3095634166E-03
    0.1979380513E-03   -0.3097222954E-03   -0.2703485843E-04
   -0.2523947729E-02   -0.1002640575E-02    0.1707354167E-03
   -0.5074614390E-03    0.3678586546E-03    0.4369972760E-03
   -0.2282218823E-03   -0.2810673441E-03    0.1515325271E-04
   -0.4465528854E-04   -0.1182969492E-03   -0.2487000134E-03
    0.3489734363E-03    0.3130956010E-03   -0.1412499249E-03
   -0.4112445578E-03   -0.1356677152E-03    0.1946162041E-03
   -0.1249528594E-03    0.9789600980E-05   -0.2989087285E-04
   -0.1911116121E-03    0.3566736809E-03    0.3275400668E-04
    0.1877173004E-03   -0.1448400112E-03    0.8814309497E-04
   -0.3176728873E-04   -0.7799971414E-04    0.1085199243E-03
    0.6167292568E+00    0.2662071654E-03   -0.3867916831E-03
   -0.1233001510E-02    0.1122124915E-02   -0.4473357689E-03
    0.4558435916E-03   -0.3528847803E-04   -0.5873818964E-03
   -0.4403674101E-03   -0.1049530707E-02   -0.1243257912E-02
   -0.3331454729E-03    0.5293842460E-04    0.2071924593E-03
   -0.2080686420E-03   -0.3386245983E-04    0.4297318505E-03
   -0.4189302055E-04   -0.1511716506E-03   -0.3506780254E-03
    0.2368552238E-03    0.2735065005E-03   -0.5759537656E-04
    0.1855183657E-03   -0.9686564882E-04   -0.2787332355E-03
    0.1756007656E-04    0.4996218052E-04   -0.1333486100E-03
   -0.4489477791E-04    0.2447240805E-03    0.1630778478E-03
    0.1299052427E-03    0.2623449563E-04   -0.7737340757E-04
   -0.1379582925E-04   -0.2154130761E-04    0.1330667871E-04
   -0.7395917250E-04    0.9374697196E-01    0.5078846355E+00
    0.2012074950E-03   -0.3859647358E-03    0.4494658238E-04
   -0.7256301506E-04    0.2207748434E-04    0.1467428646E-03
   -0.1528465720E-03   -0.3700104470E-03   -0.4368082293E-03
    0.8686492008E-04   -0.1394887143E-03   -0.1354825484E-02
    0.3640276575E-03    0.5058460356E-05   -0.4285683761E-03
    0.2732100258E-04    0.2601780717E-03    0.5202448872E-04
   -0.4610686838E-03    0.4356165016E-03    0.5040156635E-03
   -0.5095112710E-03    0.9351378801E-03   -0.1790479300E-03
    0.4578871462E-03   -0.4760918162E-03    0.4168763147E-03
   -0.1777317974E-05   -0.2042596248E-03    0.4243149391E-05
    0.9574658500E-04    0.1016385297E-03    0.4138532971E-03
    0.4681238848E-04   -0.8348056047E-04   -0.1570529118E-03
    0.1426079951E-04    0.1974492271E-04   -0.7034469110E-04
   -0.2455037027E-02    0.4329825576E-02    0.5785578439E-02
   -0.2117445047E-04   -0.7145710147E-04   -0.1042402084E-03
    0.1227108052E-03   -0.2976776034E-03    0.1438138184E-03
   -0.2489663135E-04   -0.3506004325E-04   -0.4214024898E-04
   -0.4409026145E-03    0.6587174064E-03    0.3566660696E-04
    0.5119653512E-04    0.4137594198E-04   -0.4358108881E-04
   -0.9225294174E-04    0.2752101346E-04    0.2797539625E-04
    0.8529945524E-04    0.5785575165E-04    0.8259340416E-04
   -0.1356706226E-05   -0.8284652117E-04    0.6740673645E-04
   -0.7087780006E-04    0.1071338218E-03   -0.8727466422E-04
    0.1040227245E-03    0.4338052302E-04    0.2112974332E-04
    0.3829702957E-04   -0.3289788953E-04    0.7692547019E-05
   -0.2496743638E-04    0.2057956973E-04   -0.1804527080E-04
    0.2054504613E-05    0.1464069458E-04   -0.2370606488E-05
   -0.5045694532E+00    0.3753356732E-01    0.1362882098E-02
    0.5238486541E+00   -0.3600832587E-04   -0.2539847162E-03
   -0.1867087576E-03   -0.3731461734E-04   -0.3975646902E-03
   -0.2064478724E-03   -0.1259177487E-04    0.5649567694E-04
    0.1030426622E-03    0.4980300852E-03    0.9177768553E-03
    0.6216426719E-03    0.2332339452E-03   -0.1666008160E-03
   -0.1009586322E-03   -0.8256316048E-05   -0.1906139266E-04
   -0.5371040981E-04    0.2074408134E-03   -0.6116732955E-05
   -0.2887916580E-04   -0.2449876526E-03   -0.1290479821E-04
   -0.3230089206E-04   -0.1167632077E-04    0.1484775586E-03
   -0.2584109025E-04    0.7339728668E-04    0.9144484381E-04
    0.4477864696E-04    0.1492460218E-04   -0.6954407399E-04
    0.2245466223E-04   -0.3315036574E-04    0.2652163419E-04
    0.9179977884E-05    0.6427417649E-05    0.5946138249E-05
    0.3939674952E-04    0.9585900176E-01   -0.5516690215E-01
   -0.2061498806E-02   -0.4893892001E-01    0.5302428746E-01
   -0.1983181725E-03    0.9457403995E-04   -0.2037033292E-03
    0.4195496335E-04   -0.5848929381E-03    0.7905466890E-04
    0.3921798188E-04    0.8321166976E-04    0.9042320164E-04
    0.4334848226E-03    0.5406927819E-03    0.2690443595E-03
    0.1924732683E-04   -0.1325115604E-03    0.2434927713E-04
    0.1339654595E-03   -0.9981479899E-04   -0.1677558657E-03
    0.3207825795E-03   -0.1906435277E-03    0.7095519721E-04
    0.2261839368E-03   -0.7570593072E-04    0.5383124067E-05
   -0.1915942178E-03    0.9275745517E-05   -0.1128083324E-03
    0.1187878565E-04   -0.5834768842E-05    0.5800493466E-04
   -0.1164234634E-03    0.5659703961E-04   -0.7317484129E-04
    0.3830585924E-04   -0.5744574871E-04    0.1735016256E-04
    0.3221223561E-04    0.1891065711E-04    0.1741687203E-04
    0.4024014129E-03   -0.1592287906E-02   -0.2529796262E-02
   -0.1178797406E-02    0.1455904439E-02    0.1911053190E-02
   -0.2088216990E-03    0.1784807416E-03    0.1761509390E-03
   -0.3663578645E-03    0.1358395191E-03    0.1580900324E-03
   -0.2030980913E-04    0.2837080511E-03    0.9680187457E-04
    0.1045544054E-02   -0.3756920816E-03   -0.5507693663E-03
    0.2640476600E-04   -0.1327238192E-04   -0.7327289092E-04
   -0.1864253651E-03    0.1628565012E-04    0.1780786098E-04
    0.2709213746E-03    0.1535569389E-03    0.5909967908E-04
   -0.1337995491E-03   -0.1147117838E-03    0.1014935669E-04
    0.1225097853E-03    0.5248873458E-05   -0.6818222045E-04
    0.1653049878E-03   -0.7386763744E-04    0.3213827869E-05
    0.2897938267E-04   -0.2344400291E-03   -0.9531010061E-04
   -0.1526732558E-03    0.1669602324E-03   -0.3592379138E-04
    0.2571055826E-04    0.4282603090E-04   -0.6592847503E-04
   -0.1100509502E+00   -0.1319525993E+00    0.1092017999E-02
   -0.1900923586E-01   -0.4748724569E-01   -0.9845775212E-05
    0.1284632675E+00    0.2599215106E-04   -0.1706564437E-04
   -0.1657238554E-04    0.5618085399E-04    0.1155106240E-03
   -0.2210919843E-03    0.6300754827E-04   -0.1171916461E-03
   -0.1326888339E-04   -0.2292576152E-03   -0.5643223961E-03
    0.2835914100E-03   -0.6436433644E-04    0.2240091723E-04
    0.8556925031E-04   -0.4016945144E-04   -0.4351583602E-04
   -0.3096745042E-04    0.8499609746E-04   -0.9756277217E-04
   -0.1225329475E-03   -0.1563961216E-04    0.1259359229E-03
   -0.6494941143E-04    0.4069460555E-05   -0.3385353188E-04
    0.1134325260E-03    0.3463895260E-04    0.3291976101E-04
   -0.1108138686E-04   -0.6320636307E-04    0.6715474441E-04
   -0.3382418116E-05    0.6243371797E-04   -0.1938433127E-04
   -0.6596239116E-05   -0.4902567526E-05   -0.1822520539E-04
    0.4234316655E-05   -0.1902073818E+00   -0.4497808417E+00
   -0.2258825540E-02    0.1102069504E-01    0.1875084612E-02
    0.4422326729E-03    0.1792635981E+00    0.4484387671E+00
   -0.3063626046E-04    0.1640066517E-03   -0.2090336917E-03
    0.5307533655E-03   -0.2891180319E-03    0.1025451478E-03
    0.1047460870E-03   -0.1125742547E-03    0.1051289820E-04
   -0.6896830837E-03   -0.6839061312E-04    0.2522074449E-03
   -0.1058128497E-03    0.3343673156E-04    0.9490397958E-04
    0.2275590425E-04   -0.1243569040E-03   -0.2217616677E-03
    0.6597553662E-04   -0.4590199084E-03    0.4143026508E-04
   -0.1450146801E-04   -0.1764174106E-03    0.3108625026E-04
   -0.1779408873E-04    0.1902320792E-03   -0.2553460114E-03
    0.2886407566E-04   -0.3895802328E-04    0.8646791149E-04
   -0.5432754092E-04    0.7074472361E-04   -0.1627884941E-03
    0.1396750915E-04   -0.3551007864E-04    0.9372949971E-04
    0.1350086167E-04   -0.1012346112E-04    0.1217750782E-04
    0.1171501465E-02   -0.1205823643E-02   -0.2385459580E-02
   -0.3848195611E-03    0.2332323486E-03    0.5837661141E-03
   -0.6633167134E-03    0.1777685997E-02    0.1955698293E-02
    0.2605807295E-03   -0.5528134620E-03    0.7440345115E-03
    0.7572203966E-03   -0.9617563859E-03   -0.3095630421E-03
    0.1979381790E-03    0.3097223067E-03   -0.2703487181E-04
   -0.5074614023E-03   -0.3678586278E-03    0.4369973107E-03
   -0.2523947698E-02    0.1002640626E-02    0.1707354331E-03
   -0.4465517882E-04    0.1182969965E-03   -0.2486999758E-03
   -0.2282218095E-03    0.2810673965E-03    0.1515328719E-04
    0.3489733328E-03   -0.3130954728E-03   -0.1412500455E-03
   -0.1249529833E-03   -0.9789619810E-05   -0.2989083910E-04
   -0.4112446686E-03    0.1356676949E-03    0.1946162386E-03
   -0.1911113668E-03   -0.3566735919E-03    0.3275310773E-04
   -0.3176727313E-04    0.7799973726E-04    0.1085201199E-03
    0.1877172766E-03    0.1448400055E-03    0.8814321621E-04
    0.3227569413E-03    0.5943077036E-04   -0.1315630715E-03
   -0.7153355916E-04   -0.1826409324E-03   -0.3286933678E-04
   -0.4914423189E-04    0.1355447771E-04    0.1105225043E-04
    0.6167292568E+00   -0.2662069501E-03   -0.3867917655E-03
    0.1233002095E-02   -0.1122125501E-02   -0.4473357691E-03
   -0.4558434607E-03    0.3528890619E-04   -0.5873818816E-03
    0.4403671645E-03   -0.5293819242E-04    0.2071924248E-03
    0.2080687331E-03    0.1049530904E-02   -0.1243257936E-02
    0.3331455732E-03    0.1511718807E-03   -0.3506780903E-03
   -0.2368551351E-03    0.3386273238E-04    0.4297318390E-03
    0.4189310081E-04   -0.2735069421E-03   -0.5759534805E-04
   -0.1855188354E-03   -0.4996206592E-04   -0.1333486561E-03
    0.4489488857E-04    0.9686573542E-04   -0.2787332804E-03
   -0.1755997725E-04   -0.2447262617E-03    0.1630783967E-03
   -0.1299066537E-03    0.2154149765E-04    0.1330657825E-04
    0.7395938018E-04   -0.2623433582E-04   -0.7737351527E-04
    0.1379603355E-04   -0.5943052001E-04   -0.3646095297E-03
   -0.3961337406E-04   -0.1732086850E-04    0.1599198310E-03
    0.8130908239E-04    0.5212958048E-04    0.1698504058E-04
    0.1265752156E-03   -0.9374697182E-01    0.5078846355E+00
    0.2012076916E-03    0.3859645043E-03    0.4494708229E-04
   -0.7256323316E-04   -0.2207729474E-04    0.1467429678E-03
   -0.1528466530E-03    0.3700103898E-03   -0.4368081531E-03
    0.3640276550E-03   -0.5058411423E-05   -0.4285682316E-03
    0.8686504587E-04    0.1394887637E-03   -0.1354825338E-02
   -0.4610684590E-03   -0.4356164456E-03    0.5040158440E-03
    0.2732112336E-04   -0.2601780706E-03    0.5202466178E-04
   -0.5095127898E-03   -0.9351379304E-03   -0.1790479237E-03
   -0.1777444359E-05    0.2042596442E-03    0.4243300480E-05
    0.4578870464E-03    0.4760918342E-03    0.4168764908E-03
    0.9574758581E-04   -0.1016385475E-03    0.4138505082E-03
    0.1426083071E-04   -0.1974495366E-04   -0.7034438766E-04
    0.4681242430E-04    0.8348052505E-04   -0.1570526520E-03
   -0.1315630617E-03    0.3961347082E-04    0.4070736591E-03
    0.5591822942E-04    0.8475739444E-04   -0.1615340936E-03
   -0.2057925095E-04    0.5286368660E-05   -0.7191660049E-04
   -0.2455037002E-02   -0.4329825509E-02    0.5785578639E-02
   -0.2088218253E-03   -0.1784805907E-03    0.1761508226E-03
   -0.3663576699E-03   -0.1358391005E-03    0.1580897096E-03
   -0.2030988779E-04   -0.2837080751E-03    0.9680203477E-04
    0.2640472968E-04    0.1327234578E-04   -0.7327300714E-04
    0.1045544031E-02    0.3756920789E-03   -0.5507694700E-03
    0.2709212534E-03   -0.1535570001E-03    0.5909955291E-04
   -0.1864255539E-03   -0.1628570535E-04    0.1780770586E-04
   -0.1337985846E-03    0.1147116299E-03    0.1014912015E-04
    0.1653051399E-03    0.7386767979E-04    0.3213659684E-05
    0.1225099646E-03   -0.5248833104E-05   -0.6818233926E-04
    0.2897867112E-04    0.2344398134E-03   -0.9530786638E-04
    0.2571058835E-04   -0.4282601669E-04   -0.6592871929E-04
   -0.1526732623E-03   -0.1669602601E-03   -0.3592406934E-04
   -0.4914428710E-04   -0.5212936367E-04   -0.2057939802E-04
    0.1542367364E-04    0.4754285872E-04    0.2334718928E-05
    0.1365166661E-04   -0.7383199799E-06   -0.3253786065E-04
   -0.1100509503E+00    0.1319525994E+00    0.1092018035E-02
    0.1284632675E+00   -0.2599222058E-04   -0.1706546022E-04
    0.1657239158E-04   -0.5618093341E-04    0.1155106899E-03
    0.2210920551E-03   -0.6300779655E-04   -0.1171917126E-03
    0.1326905057E-04    0.6436431664E-04    0.2240091085E-04
   -0.8556923462E-04    0.2292576066E-03   -0.5643223879E-03
   -0.2835913817E-03   -0.8499607608E-04   -0.9756280456E-04
    0.1225329630E-03    0.4016946993E-04   -0.4351581464E-04
    0.3096745486E-04    0.1563906653E-04    0.1259359427E-03
    0.6494984932E-04   -0.3463908688E-04    0.3291978101E-04
    0.1108141666E-04   -0.4069584360E-05   -0.3385351081E-04
   -0.1134324955E-03    0.6320797494E-04    0.6715448699E-04
    0.3381361223E-05    0.4902508014E-05   -0.1822516524E-04
   -0.4234184928E-05   -0.6243376760E-04   -0.1938430282E-04
    0.6596375267E-05   -0.1355453149E-04    0.1698506017E-04
   -0.5286361623E-05    0.3506316746E-05    0.2819444355E-06
   -0.1760377001E-04    0.7382203713E-06   -0.3077661789E-05
   -0.1963237555E-04    0.1902073817E+00   -0.4497808417E+00
    0.2258825552E-02   -0.1792635981E+00    0.4484387671E+00
   -0.3063640708E-04   -0.1640072220E-03   -0.2090341390E-03
    0.5307536334E-03    0.2891184404E-03    0.1025451725E-03
    0.1047461988E-03    0.1125742731E-03    0.1051287233E-04
   -0.1058130131E-03   -0.3343669630E-04    0.9490389709E-04
   -0.6896831209E-03    0.6839064915E-04    0.2522073285E-03
    0.6597549281E-04    0.4590199795E-03    0.4143016138E-04
    0.2275573310E-04    0.1243569030E-03   -0.2217617478E-03
   -0.1449979034E-04    0.1764173997E-03    0.3108608009E-04
    0.2886403641E-04    0.3895799795E-04    0.8646778572E-04
   -0.1779410674E-04   -0.1902321063E-03   -0.2553461042E-03
   -0.5432839266E-04   -0.7074453090E-04   -0.1627863561E-03
    0.1350079324E-04    0.1012339191E-04    0.1217736365E-04
    0.1396744269E-04    0.3551000144E-04    0.9372930503E-04
    0.1105213644E-04   -0.1265751243E-03   -0.7191680572E-04
    0.3031223041E-04    0.5598894929E-04    0.2106125589E-04
   -0.3253778852E-04    0.1963237496E-04    0.2071944931E-04
    0.1171501352E-02    0.1205823725E-02   -0.2385459572E-02
   -0.6633168525E-03   -0.1777685974E-02    0.1955698051E-02
   -0.2117435109E-04    0.7145695103E-04   -0.1042403572E-03
    0.1227107126E-03    0.2976775861E-03    0.1438135148E-03
   -0.2489670097E-04    0.3506012971E-04   -0.4214024183E-04
    0.5119660354E-04   -0.4137595489E-04   -0.4358101160E-04
   -0.4409025623E-03   -0.6587173935E-03    0.3566668344E-04
    0.8529952776E-04   -0.5785577118E-04    0.8259348706E-04
   -0.9225289929E-04   -0.2752102790E-04    0.2797546110E-04
   -0.1357357637E-05    0.8284649122E-04    0.6740699290E-04
    0.1040227486E-03   -0.4338053414E-04    0.2112980575E-04
   -0.7087777189E-04   -0.1071338344E-03   -0.8727458307E-04
    0.3829717422E-04    0.3289813304E-04    0.7691662283E-05
    0.2054581557E-05   -0.1464073198E-04   -0.2370464656E-05
   -0.2496741442E-04   -0.2057963830E-04   -0.1804518590E-04
   -0.7153350327E-04    0.1732109456E-04    0.5591826614E-04
    0.5899233222E-04    0.5279323376E-04    0.2587828844E-04
    0.1542378703E-04   -0.3506397629E-05    0.3031237153E-04
   -0.5045694532E+00   -0.3753356719E-01    0.1362882226E-02
   -0.1900923586E-01   -0.1102069507E-01   -0.3848195773E-03
    0.5238486541E+00    0.3600818161E-04   -0.2539846755E-03
    0.1867084836E-03    0.3731512218E-04   -0.3975648935E-03
    0.2064476104E-03    0.1259150990E-04    0.5649572236E-04
   -0.1030425352E-03   -0.2332340725E-03   -0.1666007802E-03
    0.1009585040E-03   -0.4980302091E-03    0.9177768925E-03
   -0.6216427719E-03   -0.2074410641E-03   -0.6116731330E-05
    0.2887902053E-04    0.8256089430E-05   -0.1906133761E-04
    0.5371023955E-04    0.2449884182E-03   -0.1290488541E-04
    0.3230094034E-04   -0.7339722225E-04    0.9144488795E-04
   -0.4477877441E-04    0.1167639191E-04    0.1484776046E-03
    0.2584094571E-04   -0.1492401119E-04   -0.6954434063E-04
   -0.2245256289E-04   -0.6427514599E-05    0.5946202989E-05
   -0.3939700975E-04    0.3315027563E-04    0.2652170149E-04
   -0.9180239474E-05    0.1826408387E-03    0.1599198303E-03
   -0.8475744580E-04   -0.5279335981E-04   -0.2135571842E-03
   -0.2596717825E-04   -0.4754306059E-04    0.2819682970E-06
   -0.5598904371E-04   -0.9585900184E-01   -0.5516690212E-01
    0.2061498715E-02    0.4748724560E-01    0.1875084617E-02
   -0.2332324309E-03    0.4893891993E-01    0.5302428752E-01
   -0.1983183831E-03   -0.9457390033E-04   -0.2037036619E-03
    0.4195512735E-04    0.5848927923E-03    0.7905460644E-04
    0.3921796289E-04   -0.8321162559E-04    0.9042320607E-04
    0.1924726450E-04    0.1325115888E-03    0.2434921260E-04
    0.4334848518E-03   -0.5406927532E-03    0.2690443577E-03
    0.3207825287E-03    0.1906435230E-03    0.7095519158E-04
    0.1339653852E-03    0.9981473958E-04   -0.1677559328E-03
    0.2261840608E-03    0.7570585631E-04    0.5383093443E-05
    0.1187890259E-04    0.5834796231E-05    0.5800488399E-04
   -0.1915940988E-03   -0.9275719461E-05   -0.1128083808E-03
   -0.1164237306E-03   -0.5659679591E-04   -0.7317380139E-04
    0.3221227576E-04   -0.1891075594E-04    0.1741673776E-04
    0.3830587298E-04    0.5744564362E-04    0.1734999160E-04
   -0.3286931010E-04   -0.8130903805E-04   -0.1615341880E-03
    0.2587824429E-04    0.2596712453E-04    0.1009103663E-03
    0.2334803483E-05    0.1760372954E-04    0.2106128440E-04
    0.4024013575E-03    0.1592287953E-02   -0.2529796201E-02
   -0.9845776986E-05   -0.4422326917E-03    0.5837660025E-03
   -0.1178797338E-02   -0.1455904467E-02    0.1911053232E-02
